INFO: 2022-05-04 14:21:27,171: Data
INFO: 2022-05-04 14:21:27,174: Data shape (110527, 14)
INFO: 2022-05-04 14:21:27,199: Percentage of women: 0.653882342398853
INFO: 2022-05-04 14:21:27,219: Percentage of men: 0.346117657601147
